86.05851979346015
86.05851979346015
86.05851979346015
75.30120481927734
86.05851979346015
120.48192771084311
75.30120481927734
75.30120481927734
66.93440428380188
75.30120481927734
86.05851979346015
75.30120481927734
75.30120481927734
86.05851979346015
86.05851979346015
75.30120481927734
86.05851979346015
75.30120481927734
75.30120481927734
75.30120481927734
75.30120481927734
100.40160642570402
75.30120481927734
86.05851979346015
86.05851979346015
86.05851979346015
86.05851979346015
75.30120481927734
86.05851979346015
86.05851979346015
75.30120481927734
75.30120481927734
66.93440428380188
75.30120481927734
66.93440428380188
75.30120481927734
100.40160642570223
86.05851979345883
86.05851979345883
75.30120481927634
75.30120481927634
86.05851979345883
86.05851979345883
86.05851979345883
86.05851979345883
86.05851979345883
75.30120481927634
75.30120481927634
75.30120481927634
75.30120481927734
86.05851979345883
75.30120481927734
75.30120481927734
120.48192771084311
75.30120481927734
86.05851979345883
75.30120481927734
75.30120481927734
86.05851979345883
150.6024096385547
86.05851979346015
86.05851979346015
100.40160642570223
75.30120481927734
75.30120481927734
75.30120481927734
120.48192771084311
86.05851979346015
100.40160642570223
120.48192771084311
75.30120481927734
75.30120481927734
86.05851979346015
86.05851979346015
86.05851979346015
86.05851979346015
86.05851979346015
100.40160642570402
75.30120481927734
86.05851979346015
75.30120481927734
75.30120481927734
75.30120481927734
86.05851979345883
86.05851979345883
75.30120481927634
86.05851979345883
75.30120481927634
86.05851979345883
75.30120481927634
86.05851979345883
75.30120481927634
86.05851979345883
75.30120481927634
150.6024096385547
75.30120481927734
86.05851979345883
86.05851979345883
75.30120481927734
75.30120481927734
75.30120481927734
75.30120481927734
75.30120481927734
100.40160642570223
75.30120481927734
100.40160642570223
75.30120481927734
75.30120481927734
75.30120481927734
75.30120481927734
75.30120481927734
75.30120481927734
75.30120481927734
66.93440428380188
75.30120481927734
75.30120481927734
86.05851979346015
75.30120481927734
86.05851979346015
86.05851979346015
86.05851979346015
100.40160642570402
86.05851979346015
75.30120481927734
75.30120481927734
86.05851979346015
75.30120481927734
86.05851979346015
75.30120481927734
150.6024096385547
86.05851979346015
86.05851979346015
86.05851979346015
75.30120481927734
86.05851979346015
86.05851979346015
66.93440428380188
75.30120481927734
86.05851979346015
100.40160642570223
86.05851979345883
86.05851979345883
75.30120481927634
75.30120481927634
75.30120481927634
86.05851979345883
100.40160642570223
75.30120481927634
86.05851979345883
75.30120481927634
75.30120481927634
100.40160642570223
100.40160642570223
86.05851979345883
86.05851979345883
75.30120481927734
75.30120481927734
75.30120481927734
86.05851979345883
86.05851979345883
75.30120481927734
120.48192771084311
75.30120481927734
75.30120481927734
75.30120481927734
120.48192771084311
86.05851979346015
86.05851979346015
86.05851979346015
86.05851979346015
75.30120481927734
75.30120481927734
86.05851979346015
75.30120481927734
75.30120481927734
75.30120481927734
66.93440428380188
86.05851979346015
75.30120481927734
86.05851979346015
86.05851979346015
86.05851979346015
150.6024096385547
75.30120481927734
75.30120481927734
86.05851979346015
86.05851979346015
86.05851979346015
75.30120481927634
86.05851979345883
75.30120481927634
75.30120481927634
75.30120481927634
75.30120481927634
86.05851979345883
86.05851979345883
120.48192771084311
75.30120481927634
86.05851979345883
75.30120481927734
120.48192771084311
86.05851979345883
86.05851979345883
86.05851979345883
75.30120481927734
75.30120481927734
75.30120481927734
75.30120481927734
86.05851979346015
75.30120481927734
86.05851979346015
120.48192771084311
75.30120481927734
86.05851979346015
86.05851979346015
75.30120481927734
66.93440428380188
66.93440428380188
75.30120481927734
86.05851979346015
100.40160642570402
86.05851979346015
75.30120481927734
75.30120481927734
86.05851979346015
75.30120481927734
75.30120481927734
86.05851979346015
86.05851979346015
86.05851979346015
86.05851979346015
86.05851979346015
86.05851979346015
75.30120481927734
86.05851979346015
75.30120481927734
75.30120481927734
86.05851979346015
86.05851979346015
86.05851979346015
75.30120481927734
75.30120481927734
86.05851979345883
86.05851979345883
75.30120481927634
86.05851979345883
86.05851979345883
86.05851979345883
86.05851979345883
86.05851979345883
75.30120481927634
86.05851979345883
75.30120481927634
86.05851979345883
86.05851979345883
75.30120481927734
100.40160642570223
86.05851979345883
86.05851979345883
75.30120481927734
86.05851979345883
66.93440428380188
75.30120481927734
100.40160642570223
66.93440428380188
75.30120481927734
75.30120481927734
120.48192771084311
150.6024096385547
100.40160642570223
86.05851979346015
75.30120481927734
86.05851979346015
75.30120481927734
75.30120481927734
100.40160642570223
75.30120481927734
120.48192771084311
86.05851979346015
86.05851979346015
75.30120481927734
86.05851979346015
86.05851979346015
100.40160642570402
75.30120481927734
75.30120481927734
66.93440428380188
66.93440428380188
75.30120481927734
75.30120481927734
86.05851979345883
86.05851979345883
75.30120481927634
75.30120481927634
86.05851979345883
86.05851979345883
75.30120481927634
75.30120481927634
75.30120481927634
86.05851979345883
100.40160642570223
75.30120481927734
86.05851979345883
75.30120481927734
86.05851979345883
75.30120481927734
86.05851979345883
75.30120481927734
75.30120481927734
75.30120481927734
75.30120481927734
75.30120481927734
86.05851979346015
86.05851979346015
75.30120481927734
86.05851979346015
86.05851979346015
75.30120481927734
75.30120481927734
86.05851979346015
75.30120481927734
75.30120481927734
75.30120481927734
75.30120481927734
86.05851979346015
86.05851979346015
86.05851979346015
86.05851979346015
100.40160642570402
75.30120481927734
86.05851979346015
86.05851979346015
86.05851979346015
86.05851979346015
75.30120481927734
66.93440428380188
120.48192771084311
86.05851979346015
100.40160642570402
86.05851979346015
75.30120481927734
75.30120481927734
75.30120481927734
86.05851979346015
75.30120481927734
75.30120481927734
75.30120481927734
100.40160642570402
75.30120481927734
86.05851979345883
100.40160642570223
75.30120481927634
100.40160642570223
86.05851979345883
75.30120481927634
75.30120481927634
75.30120481927634
86.05851979345883
66.93440428380188
75.30120481927634
75.30120481927634
75.30120481927634
100.40160642570223
86.05851979345883
86.05851979345883
75.30120481927734
86.05851979345883
86.05851979345883
86.05851979345883
75.30120481927734
75.30120481927734
75.30120481927734
86.05851979346015
86.05851979346015
75.30120481927734
86.05851979346015
75.30120481927734
75.30120481927734
75.30120481927734
66.93440428380188
75.30120481927734
75.30120481927734
100.40160642570223
75.30120481927734
66.93440428380188
100.40160642570402
75.30120481927734
75.30120481927734
100.40160642570402
75.30120481927734
86.05851979346015
75.30120481927734
75.30120481927734
75.30120481927634
75.30120481927634
100.40160642570223
75.30120481927634
75.30120481927634
75.30120481927634
86.05851979345883
75.30120481927634
75.30120481927634
75.30120481927634
75.30120481927734
86.05851979345883
75.30120481927734
100.40160642570223
150.6024096385547
86.05851979345883
75.30120481927734
75.30120481927734
86.05851979345883
86.05851979345883
66.93440428380188
66.93440428380188
66.93440428380188
75.30120481927734
75.30120481927734
86.05851979346015
75.30120481927734
100.40160642570223
150.6024096385547
120.48192771084311
86.05851979346015
75.30120481927734
86.05851979346015
75.30120481927734
75.30120481927734
75.30120481927734
75.30120481927734
100.40160642570402
100.40160642570402
86.05851979346015
86.05851979346015
86.05851979346015
150.6024096385547
75.30120481927734
75.30120481927734
75.30120481927734
75.30120481927734
86.05851979346015
86.05851979346015
86.05851979346015
86.05851979346015
86.05851979346015
75.30120481927734
75.30120481927734
75.30120481927734
75.30120481927734
75.30120481927734
75.30120481927634
86.05851979345883
86.05851979345883
86.05851979345883
75.30120481927634
120.48192771084311
75.30120481927634
66.93440428380188
75.30120481927634
75.30120481927634
86.05851979345883
75.30120481927634
86.05851979345883
86.05851979345883
75.30120481927734
86.05851979345883
86.05851979345883
66.93440428380188
75.30120481927734
66.93440428380188
86.05851979345883
75.30120481927734
100.40160642570223
86.05851979345883
75.30120481927734
86.05851979346015
86.05851979346015
120.48192771084311
100.40160642570223
75.30120481927734
75.30120481927734
86.05851979346015
86.05851979346015
75.30120481927734
86.05851979346015
86.05851979346015
75.30120481927734
75.30120481927734
86.05851979346015
75.30120481927734
86.05851979346015
150.6024096385547
100.40160642570402
75.30120481927734
86.05851979346015
66.93440428380188
75.30120481927634
86.05851979345883
75.30120481927634
86.05851979345883
86.05851979345883
75.30120481927634
75.30120481927634
66.93440428380188
86.05851979345883
75.30120481927634
66.93440428380188
86.05851979345883
75.30120481927734
75.30120481927734
100.40160642570223
75.30120481927734
75.30120481927734
86.05851979345883
75.30120481927734
86.05851979345883
75.30120481927734
100.40160642570223
75.30120481927734
86.05851979346015
86.05851979346015
86.05851979346015
86.05851979346015
75.30120481927734
75.30120481927734
86.05851979346015
100.40160642570223
75.30120481927734
100.40160642570402
75.30120481927734
75.30120481927734
75.30120481927734
75.30120481927734
86.05851979346015
120.48192771084311
100.40160642570402
75.30120481927734
75.30120481927734
100.40160642570402
75.30120481927734
75.30120481927734
86.05851979346015
75.30120481927734
150.6024096385547
86.05851979346015
75.30120481927734
75.30120481927734
86.05851979346015
86.05851979346015
86.05851979346015
75.30120481927734
86.05851979346015
86.05851979346015
75.30120481927634
86.05851979345883
86.05851979345883
86.05851979345883
75.30120481927634
75.30120481927634
75.30120481927634
100.40160642570223
75.30120481927634
100.40160642570223
75.30120481927634
75.30120481927634
75.30120481927634
120.48192771084311
86.05851979345883
86.05851979345883
75.30120481927734
86.05851979345883
150.6024096385547
75.30120481927734
75.30120481927734
86.05851979345883
86.05851979345883
86.05851979346015
86.05851979346015
86.05851979346015
86.05851979346015
86.05851979346015
86.05851979346015
75.30120481927734
75.30120481927734
75.30120481927734
75.30120481927734
75.30120481927734
75.30120481927734
75.30120481927734
86.05851979346015
75.30120481927734
100.40160642570402
86.05851979346015
86.05851979346015
86.05851979346015
75.30120481927734
75.30120481927734
65.1890482398959
65.1890482398959
65.1890482398959
86.05851979345883
73.09941520467787
73.09941520467787
73.09941520467787
73.09941520467787
73.09941520467787
73.09941520467787
73.09941520467787
65.18904823989514
65.18904823989514
86.05851979345883
65.18904823989514
86.05851979345883
73.09941520467787
100.40160642570223
83.19467554076502
83.19467554076502
73.09941520467787
83.19467554076502
100.40160642570223
73.09941520467787
73.09941520467787
83.19467554076502
73.09941520467787
83.19467554076502
83.19467554076502
83.19467554076502
83.19467554076502
96.5250965250964
73.09941520467787
73.09941520467787
120.48192771084311
83.19467554076502
65.1890482398959
73.09941520467787
83.19467554076502
96.5250965250964
73.09941520467882
83.19467554076502
83.19467554076502
83.19467554076502
73.09941520467882
83.19467554076502
73.09941520467882
73.09941520467882
73.09941520467882
73.09941520467882
83.19467554076626
73.09941520467882
83.19467554076626
83.19467554076626
83.19467554076626
73.09941520467882
73.09941520467882
83.19467554076626
73.09941520467882
83.19467554076626
83.19467554076502
73.09941520467787
73.09941520467787
114.94252873563018
83.19467554076502
83.19467554076502
83.19467554076502
73.09941520467787
73.09941520467787
65.18904823989514
65.18904823989514
73.09941520467787
73.09941520467787
83.19467554076502
114.94252873563252
73.09941520467787
73.09941520467787
83.19467554076502
73.09941520467787
73.09941520467787
73.09941520467882
96.5250965250964
83.19467554076502
83.19467554076502
73.09941520467882
83.19467554076502
83.19467554076502
11.811953697141501
65.1890482398959
73.09941520467882
